1.00000 56.50000
1.39000 62.40760
1.78000 68.29224
2.17000 74.13093
2.56000 79.90073
2.95000 85.57865
3.34000 91.14174
3.73000 96.56701
4.12000 101.83151
4.51000 106.91227
4.90000 111.78632
5.29000 116.43271
5.68000 120.84842
6.07000 125.03985
6.46000 129.01345
6.85000 132.77570
7.24000 136.33306
7.63000 139.69201
8.02000 142.85901
8.41000 145.84053
8.80000 148.64304
9.19000 151.27301
9.58000 153.73690
9.97000 156.04118
10.36000 158.19233
10.75000 160.19681
11.14000 162.06109
11.53000 163.79163
11.92000 165.39491
12.31000 166.87740
12.70000 168.24555
13.09000 169.50585
13.48000 170.66475
13.87000 171.72874
14.26000 172.70426
14.65000 173.59780
15.04000 174.41583
15.43000 175.16480
15.82000 175.85119
16.21000 176.48147
16.60000 177.06211
16.99000 177.59957
17.38000 178.10032
17.77000 178.57083
18.16000 179.01757
18.55000 179.44701
18.94000 179.86561
19.33000 180.27984
19.72000 180.69618
20.11000 181.12106
20.50000 181.55867
20.89000 182.00917
21.28000 182.47229
21.67000 182.94778
22.06000 183.43537
22.45000 183.93483
22.84000 184.44587
23.23000 184.96826
23.62000 185.50173
24.01000 186.04602
24.40000 186.60087
24.79000 187.16603
25.18000 187.74124
25.57000 188.32624
25.96000 188.92078
26.35000 189.52459
26.74000 190.13742
27.13000 190.75901
27.52000 191.38911
27.91000 192.02745
28.30000 192.67378
28.69000 193.32784
29.08000 193.98937
29.47000 194.65812
29.86000 195.33382
30.25000 196.01622
30.64000 196.70507
31.03000 197.40010
31.42000 198.10106
31.81000 198.80768
32.20000 199.51972
32.59000 200.23691
32.98000 200.95900
33.37000 201.68572
33.76000 202.41683
34.15000 203.15206
34.54000 203.89115
34.93000 204.63385
35.32000 205.37990
35.71000 206.12904
36.10000 206.88102
36.49000 207.63558
36.88000 208.39245
37.27000 209.15138
37.66000 209.91212
38.05000 210.67441
38.44000 211.43798
38.83000 212.20258
39.22000 212.96796
39.61000 213.73385
40.00000 214.50000
