1.00000 56.50000
1.39000 63.00378
1.78000 69.28194
2.17000 75.33834
2.56000 81.17684
2.95000 86.80131
3.34000 92.21560
3.73000 97.42358
4.12000 102.42912
4.51000 107.23606
4.90000 111.84828
5.29000 116.26963
5.68000 120.50398
6.07000 124.55519
6.46000 128.42712
6.85000 132.12363
7.24000 135.64859
7.63000 139.00585
8.02000 142.19927
8.41000 145.23273
8.80000 148.11008
9.19000 150.83518
9.58000 153.41190
9.97000 155.84409
10.36000 158.13562
10.75000 160.29035
11.14000 162.31214
11.53000 164.20485
11.92000 165.97235
12.31000 167.61849
12.70000 169.14714
13.09000 170.56217
13.48000 171.86742
13.87000 173.06677
14.26000 174.16407
14.65000 175.16319
15.04000 176.06799
15.43000 176.88233
15.82000 177.61007
16.21000 178.25508
16.60000 178.82121
16.99000 179.31233
17.38000 179.73229
17.77000 180.08497
18.16000 180.37422
18.55000 180.60391
18.94000 180.77789
19.33000 180.90003
19.72000 180.97419
20.11000 181.00423
20.50000 180.99401
20.89000 180.94740
21.28000 180.86826
21.67000 180.76044
22.06000 180.62781
22.45000 180.47424
22.84000 180.30357
23.23000 180.11969
23.62000 179.92644
24.01000 179.72769
24.40000 179.52730
24.79000 179.32913
25.18000 179.13704
25.57000 178.95491
25.96000 178.78657
26.35000 178.63591
26.74000 178.50678
27.13000 178.40304
27.52000 178.32856
27.91000 178.28719
28.30000 178.28280
28.69000 178.31925
29.08000 178.40040
29.47000 178.53011
29.86000 178.71225
30.25000 178.95067
30.64000 179.24925
31.03000 179.61183
31.42000 180.04229
31.81000 180.54447
32.20000 181.12226
32.59000 181.77950
32.98000 182.52006
33.37000 183.34780
33.76000 184.26658
34.15000 185.28026
34.54000 186.39271
34.93000 187.60779
35.32000 188.92936
35.71000 190.36128
36.10000 191.90741
36.49000 193.57162
36.88000 195.35776
37.27000 197.26970
37.66000 199.31130
38.05000 201.48642
38.44000 203.79892
38.83000 206.25267
39.22000 208.85152
39.61000 211.59935
40.00000 214.50000
